2.533377382701323032e+09
1.178497283955788016e+08
5.703985557829483598e+07
4.364405559461787343e+07
3.382310988999489695e+07
2.272713987117312476e+07
1.891556731108935550e+07
1.896048714599059895e+07
1.487835247548383661e+07
1.294048411520857178e+07
1.190582933107518591e+07
1.072569376579911448e+07
1.019687082681693882e+07
7.328768781954487786e+06
7.443401265717814676e+06
6.716779429483906366e+06
6.368040844840629958e+06
5.728617682397702709e+06
5.417054663850745186e+06
4.964245552579610609e+06
4.668312167481727898e+06
4.542990470507903956e+06
4.138413177477302495e+06
4.014831999783389736e+06
3.678838416510773357e+06
3.815651851425316650e+06
3.420994693858225830e+06
3.174898404566378333e+06
2.962698554743417539e+06
2.871578955825552344e+06
2.984767940558243077e+06
2.707460367852394935e+06
2.578248821869839448e+06
2.564560435790437274e+06
2.503414355170212220e+06
2.383206243865682278e+06
2.314655576804411132e+06
2.235329543398110196e+06
2.201303638798531145e+06
2.195366021340794861e+06
1.986368097948755370e+06
1.953682615847254172e+06
1.924245204655708512e+06
1.860619888098496478e+06
1.887707029845527373e+06
1.770759067614897620e+06
1.742555584358580643e+06
1.669732272913457360e+06
1.646952197619250044e+06
1.609790206186134834e+06
1.638795908476860262e+06
1.523506783142102184e+06
1.513147085522516165e+06
1.419465989208585350e+06
1.464376627829069505e+06
1.394500235066890251e+06
1.360079466256517917e+06
1.341348634825683199e+06
1.393206614718844881e+06
1.338289877399139805e+06
1.250602408478141297e+06
1.252669671267397003e+06
1.248259520729961805e+06
1.226870442689158721e+06
1.221179995186405024e+06
1.185964807476381771e+06
1.125237805676895659e+06
1.115930374223124236e+06
1.106204038365963614e+06
1.099924165447245119e+06
1.052850576081948588e+06
1.031966212873616372e+06
1.014449759329597233e+06
1.005919155615397263e+06
9.917164401937363436e+05
9.787426644982673461e+05
9.758774046109814662e+05
9.585659687257097103e+05
9.178282446509320289e+05
9.142224169131733943e+05
8.890018121981748845e+05
9.132404450152666541e+05
8.652892107008094899e+05
8.738733695682154503e+05
8.373403059345796937e+05
8.211711635491030756e+05
8.225159756264957832e+05
7.938706188696181634e+05
7.826756122928897385e+05
7.777233723401500611e+05
7.694862895656276960e+05
7.509504830161321443e+05
7.410160532759564230e+05
7.354972745232867310e+05
7.255696329226574162e+05
7.135180309903942980e+05
7.100697055657499004e+05
7.044447766786792781e+05
6.985702524669683771e+05
6.745578096319588367e+05
6.757540976569199702e+05
6.659602650801498676e+05
6.791664981302322121e+05
6.543150294916202547e+05
6.472763992006999906e+05
6.491590736641606782e+05
6.200909256861883914e+05
6.178707501903665252e+05
6.228305913137830794e+05
6.072435947513475548e+05
5.920299051490226993e+05
5.834911199017554754e+05
5.645424736372099724e+05
5.790078862824500538e+05
5.599200630142688751e+05
5.579244974126026500e+05
5.406631795625925297e+05
5.325219918645111611e+05
5.209712777309614467e+05
5.291110154634102946e+05
5.141962223980159615e+05
5.113799979382750462e+05
4.957371013796786428e+05
4.838533276783570764e+05
4.850248577552048955e+05
4.887981223869347596e+05
4.785473619739696733e+05
4.791302989336541505e+05
4.688340695093910908e+05
4.597138958323619445e+05
4.620119500224596704e+05
4.482710559577039676e+05
4.431296750123044476e+05
4.392475343523569172e+05
4.303911329270838178e+05
4.303657899663104326e+05
4.339829888476571650e+05
4.309907342031497974e+05
4.194097189608282642e+05
4.131306697291583405e+05
4.175456144137755036e+05
4.104326297601222759e+05
3.991270659793939558e+05
4.055071906340875430e+05
3.831553235205950914e+05
3.950735898052732809e+05
3.857587588893846842e+05
3.707453940977290040e+05
3.627906825081447605e+05
3.689322542830242892e+05
3.572386860713672941e+05
3.571071113459902699e+05
3.501281764774362673e+05
3.412482462365673855e+05
3.402895277026142576e+05
3.425068820258540218e+05
3.348760903687745449e+05
3.380905726623471710e+05
3.275109419039370259e+05
3.223005794583695824e+05
3.131036866911372053e+05
3.138117218924055924e+05
3.098497791601256467e+05
3.121662717749613803e+05
3.087082617371360539e+05
2.994119058767441893e+05
2.960351416357652051e+05
2.949435876647148398e+05
2.917597530034021474e+05
2.848408670499492437e+05
2.922348200364492368e+05
2.763380421311592800e+05
2.691133274617241113e+05
2.738705100887332228e+05
2.646965895878982265e+05
2.696881169272509287e+05
2.640328625073331059e+05
2.484404882553556527e+05
2.530298979820983659e+05
2.543924020435874118e+05
2.489576718188940140e+05
2.391305334202498198e+05
2.432366644051121257e+05
2.362525983878351399e+05
2.341765148798066948e+05
2.228507718144401733e+05
2.235801546859457740e+05
2.180561337330054084e+05
2.199558127497046371e+05
2.156534040132871305e+05
2.101375717911991524e+05
2.090400042631621764e+05
2.107651489489470841e+05
1.998480046421510633e+05
1.987341094788603950e+05
1.987147168814179604e+05
1.952234778044066916e+05
1.879196185491455544e+05
1.840282301998533076e+05
1.816854278931910812e+05
1.797030016622460680e+05
1.807305316800542641e+05
1.704462809000522830e+05
1.633084775157032709e+05
1.605887009545872279e+05
1.563701453093672171e+05
1.444421181493581680e+05
1.430318413162624929e+05
1.443002487213088607e+05
1.389117209795110975e+05
1.267446822040682164e+05
1.196882677119455911e+05
2.621873241006425815e+03
